cluster     0      1      2      3   ...     7      8      9     10
Male     259.0    0.0    0.0  631.0  ...   40.0    0.0    0.0   0.0
Female     0.0  279.0    0.0    0.0  ...    0.0    0.0  382.0  74.0
Infant     0.0    0.0  441.0    0.0  ...    0.0  389.0    0.0   0.0

[3 rows x 11 columns]
cluster      0      1       2
Male     930.0    0.0     0.0
Female     1.0  927.0     0.0
Infant     0.0    0.0  1065.0
              precision    recall  f1-score   support

           0       1.00      1.00      1.00       178
           1       0.99      0.96      0.98       189
           2       0.98      0.98      0.98       177
           3       0.96      0.99      0.97       176
           4       0.98      0.97      0.97       183
           5       0.99      0.95      0.97       189
           6       0.98      0.99      0.99       179
           7       0.93      0.99      0.96       168
           8       0.93      0.95      0.94       171
           9       0.96      0.93      0.94       187

   micro avg       0.97      0.97      0.97      1797
   macro avg       0.97      0.97      0.97      1797
weighted avg       0.97      0.97      0.97      1797

Done: 19.161562712000002 seconds
              precision    recall  f1-score   support

           0       1.00      0.99      1.00       179
           1       0.85      0.93      0.89       166
           2       0.97      0.88      0.92       195
           3       0.96      0.92      0.94       192
           4       0.87      0.99      0.93       160
           5       0.98      0.88      0.93       204
           6       0.99      0.96      0.98       188
           7       0.89      1.00      0.94       159
           8       0.83      0.91      0.87       160
           9       0.94      0.88      0.91       194

   micro avg       0.93      0.93      0.93      1797
   macro avg       0.93      0.93      0.93      1797
weighted avg       0.93      0.93      0.93      1797

Done: 23.234734990000003 seconds
              precision    recall  f1-score   support

           0       1.00      1.00      1.00       178
           1       0.99      0.95      0.97       191
           2       0.98      0.97      0.98       179
           3       0.96      0.99      0.97       176
           4       0.97      0.98      0.98       180
           5       0.99      0.96      0.98       189
           6       0.99      0.99      0.99       181
           7       0.93      0.99      0.96       168
           8       0.92      0.96      0.94       167
           9       0.97      0.93      0.95       188

   micro avg       0.97      0.97      0.97      1797
   macro avg       0.97      0.97      0.97      1797
weighted avg       0.97      0.97      0.97      1797

Done: 23.908454955000003 seconds
              precision    recall  f1-score   support

           0       0.99      1.00      1.00       177
           1       1.00      0.92      0.96       197
           2       0.94      0.98      0.96       170
           3       0.97      0.94      0.95       190
           4       0.97      0.96      0.96       182
           5       0.96      0.96      0.96       182
           6       0.98      0.98      0.98       182
           7       0.92      1.00      0.96       165
           8       0.93      0.97      0.95       167
           9       0.93      0.90      0.92       185

   micro avg       0.96      0.96      0.96      1797
   macro avg       0.96      0.96      0.96      1797
weighted avg       0.96      0.96      0.96      1797

Done: 21.00566652699999 seconds
              precision    recall  f1-score   support

           0       1.00      0.98      0.99       182
           1       1.00      0.89      0.94       204
           2       0.95      0.99      0.97       170
           3       0.92      0.99      0.95       170
           4       0.98      0.97      0.98       183
           5       0.98      0.93      0.96       192
           6       0.99      0.98      0.99       182
           7       0.87      1.00      0.93       156
           8       0.91      0.97      0.94       163
           9       0.95      0.88      0.91       195

   micro avg       0.96      0.96      0.96      1797
   macro avg       0.96      0.96      0.96      1797
weighted avg       0.96      0.96      0.96      1797

Done: 18.57311783200001 seconds
              precision    recall  f1-score   support

           0       1.00      1.00      1.00       178
           1       0.99      0.95      0.97       190
           2       0.97      0.98      0.97       174
           3       0.95      0.99      0.97       175
           4       0.97      0.97      0.97       182
           5       0.98      0.96      0.97       187
           6       0.98      0.99      0.98       179
           7       0.92      0.99      0.96       166
           8       0.96      0.96      0.96       174
           9       0.97      0.91      0.94       192

   micro avg       0.97      0.97      0.97      1797
   macro avg       0.97      0.97      0.97      1797
weighted avg       0.97      0.97      0.97      1797

Done: 23.707189649 seconds
              precision    recall  f1-score   support

           0       0.99      0.99      0.99       178
           1       0.99      0.94      0.97       192
           2       0.93      0.98      0.95       167
           3       0.90      0.97      0.93       170
           4       0.97      0.95      0.96       186
           5       0.98      0.92      0.95       195
           6       0.98      0.99      0.99       180
           7       0.91      0.98      0.94       166
           8       0.95      0.90      0.92       183
           9       0.93      0.93      0.93       180

   micro avg       0.95      0.95      0.95      1797
   macro avg       0.95      0.95      0.95      1797
weighted avg       0.96      0.95      0.95      1797

Done: 53.310591477 seconds
              precision    recall  f1-score   support

           0       0.98      1.00      0.99       174
           1       0.97      0.92      0.95       192
           2       0.90      0.96      0.93       165
           3       0.89      0.96      0.93       169
           4       0.97      0.93      0.95       190
           5       0.98      0.90      0.94       198
           6       0.98      0.95      0.96       187
           7       0.93      0.99      0.96       167
           8       0.90      0.93      0.91       168
           9       0.92      0.88      0.90       187

   micro avg       0.94      0.94      0.94      1797
   macro avg       0.94      0.94      0.94      1797
weighted avg       0.94      0.94      0.94      1797

Done: 29.221551706000014 seconds
              precision    recall  f1-score   support

           0       0.99      0.99      0.99       178
           1       0.97      0.95      0.96       186
           2       0.96      0.95      0.96       179
           3       0.91      0.99      0.95       169
           4       0.99      0.95      0.97       188
           5       0.97      0.91      0.94       194
           6       0.97      0.94      0.95       188
           7       0.92      0.98      0.95       169
           8       0.92      0.92      0.92       173
           9       0.88      0.91      0.90       173

   micro avg       0.95      0.95      0.95      1797
   macro avg       0.95      0.95      0.95      1797
weighted avg       0.95      0.95      0.95      1797

Done: 31.399993711999997 seconds
              precision    recall  f1-score   support

           0       0.98      0.99      0.99       176
           1       0.99      0.91      0.95       199
           2       0.97      0.99      0.98       173
           3       0.93      0.96      0.94       177
           4       0.95      0.97      0.96       177
           5       0.98      0.93      0.95       191
           6       0.97      0.98      0.98       179
           7       0.94      0.99      0.97       171
           8       0.89      0.90      0.90       172
           9       0.96      0.95      0.95       182

   micro avg       0.96      0.96      0.96      1797
   macro avg       0.96      0.96      0.96      1797
weighted avg       0.96      0.96      0.96      1797

Done: 22.66628312000003 seconds
              precision    recall  f1-score   support

           0       0.99      0.99      0.99       178
           1       0.98      0.94      0.96       191
           2       0.97      0.99      0.98       174
           3       0.89      0.95      0.92       170
           4       0.96      0.98      0.97       177
           5       0.97      0.92      0.95       192
           6       0.97      0.99      0.98       178
           7       0.94      0.98      0.96       171
           8       0.90      0.86      0.88       181
           9       0.96      0.93      0.94       185

   micro avg       0.95      0.95      0.95      1797
   macro avg       0.95      0.95      0.95      1797
weighted avg       0.95      0.95      0.95      1797

Done: 24.042415844999994 seconds
              precision    recall  f1-score   support

           0       0.99      0.99      0.99       177
           1       0.96      0.92      0.94       189
           2       0.95      0.99      0.97       171
           3       0.90      0.96      0.93       171
           4       0.96      0.97      0.96       178
           5       0.98      0.93      0.95       192
           6       0.98      0.96      0.97       185
           7       0.94      1.00      0.97       169
           8       0.93      0.88      0.90       183
           9       0.96      0.95      0.95       182

   micro avg       0.95      0.95      0.95      1797
   macro avg       0.95      0.96      0.95      1797
weighted avg       0.95      0.95      0.95      1797

Done: 18.776620504999983 seconds
              precision    recall  f1-score   support

           0       0.99      1.00      1.00       177
           1       0.99      0.95      0.97       189
           2       0.96      0.99      0.97       172
           3       0.96      0.99      0.97       177
           4       0.99      0.97      0.98       184
           5       0.98      0.94      0.96       189
           6       0.98      0.99      0.99       178
           7       0.90      0.99      0.94       163
           8       0.95      0.90      0.93       184
           9       0.97      0.95      0.96       184

   micro avg       0.97      0.97      0.97      1797
   macro avg       0.97      0.97      0.97      1797
weighted avg       0.97      0.97      0.97      1797

Done: 20.64186606200002 seconds
              precision    recall  f1-score   support

           0       0.99      1.00      1.00       177
           1       0.99      0.96      0.98       188
           2       0.97      0.99      0.98       173
           3       0.95      0.98      0.96       176
           4       0.99      0.98      0.99       184
           5       0.98      0.95      0.96       189
           6       0.98      0.99      0.99       179
           7       0.92      0.99      0.95       166
           8       0.94      0.93      0.93       177
           9       0.97      0.93      0.95       188

   micro avg       0.97      0.97      0.97      1797
   macro avg       0.97      0.97      0.97      1797
weighted avg       0.97      0.97      0.97      1797

Done: 19.571111734999988 seconds
              precision    recall  f1-score   support

           0       0.99      0.99      0.99       179
           1       0.99      0.90      0.94       202
           2       0.93      0.99      0.96       165
           3       0.97      0.96      0.96       184
           4       0.97      0.93      0.95       190
           5       0.95      0.94      0.95       184
           6       0.97      0.97      0.97       181
           7       0.89      0.98      0.93       162
           8       0.91      0.94      0.92       168
           9       0.96      0.95      0.95       182

   micro avg       0.95      0.95      0.95      1797
   macro avg       0.95      0.95      0.95      1797
weighted avg       0.95      0.95      0.95      1797

Done: 19.200147275000006 seconds
